500
3 95 2
1 71
1 53
1 77
3 3 2
3 1
2 1
3 2
111 295 2
16 72
89 54
18 144
3 4 2
2 1
2 2
1 2
17 3 2
11 2
17 3
13 3
254 32 2
29 17
40 5
204 24
300 5 2
2 3
15 2
300 5
176 252 1
112 136
64 175
3 257 2
1 233
1 11
1 17
3 3 2
3 2
2 3
1 3
8 8 2
8 1
8 8
1 1
3 3 2
1 3
2 1
3 3
4 4 2
3 2
3 1
4 2
214 3 2
101 2
68 3
85 2
198 3 2
55 1
177 2
71 1
4 3 2
2 3
2 2
2 1
285 209 2
182 20
125 50
228 189
3 53 2
1 31
2 42
1 23
4 3 2
4 1
3 2
4 3
19 3 2
4 3
18 3
18 1
3 3 2
1 1
2 1
3 3
60 226 2
54 30
47 205
15 45
50 3 2
18 1
4 3
15 3
228 3 2
65 2
112 2
207 3
3 294 2
2 139
2 81
2 220
109 3 2
37 3
79 1
96 1
4 4 2
1 3
1 1
2 1
4 3 2
2 1
3 1
2 2
71 87 2
36 44
1 87
71 1
160 77 2
156 58
106 65
56 49
3 3 2
1 1
1 3
3 1
3 3 2
3 3
3 2
2 2
171 234 2
58 26
69 153
83 50
4 4 2
1 3
3 2
2 4
4 4 2
3 4
1 3
3 2
298 3 2
101 2
276 1
259 1
69 289 2
20 232
64 80
40 99
55 53 2
48 42
39 31
29 10
186 263 2
90 115
175 74
38 165
121 289 2
59 80
103 110
28 277
160 149 2
75 15
76 149
22 8
169 222 2
26 84
131 82
29 167
4 3 2
3 2
3 3
1 1
226 61 2
118 38
84 50
213 36
4 3 2
4 2
3 3
3 2
241 3 2
24 1
88 3
194 2
3 3 2
1 1
2 3
2 1
56 64 2
9 22
31 55
30 41
3 3 2
3 3
1 3
1 2
190 195 2
71 146
82 8
37 161
3 3 2
3 3
2 2
2 3
3 98 2
1 12
2 2
1 81
223 194 2
183 183
197 163
145 115
214 294 2
33 287
93 20
172 79
148 210 2
16 80
70 65
148 159
3 4 2
1 2
1 3
3 4
4 4 2
1 2
4 4
3 1
230 13 2
26 12
137 13
100 7
199 299 2
36 203
10 26
93 85
221 169 2
167 36
77 132
59 98
3 173 2
3 22
2 139
2 87
238 215 2
154 165
34 171
45 207
44 170 2
9 42
25 61
42 46
117 62 2
77 38
48 42
40 45
20 272 2
7 12
12 50
20 140
188 227 2
88 218
74 176
70 79
4 3 2
4 3
1 3
3 3
3 3 1
1 1
2 2
129 52 2
4 17
104 11
114 41
268 3 2
251 2
170 2
158 3
165 246 2
152 104
5 76
84 97
222 107 2
187 74
94 24
176 107
4 3 2
3 1
3 3
4 1
3 267 2
2 189
3 88
3 150
3 3 2
3 3
3 1
3 2
3 106 2
3 61
1 89
1 15
3 3 2
2 1
3 3
1 1
270 144 2
256 47
20 113
251 22
153 285 2
10 36
90 263
121 210
205 92 2
15 24
147 36
46 61
158 38 2
139 32
2 9
72 27
3 3 2
1 1
2 2
3 3
3 3 2
1 1
2 1
2 2
282 172 2
180 153
51 150
218 112
244 3 2
220 2
182 2
60 1
3 3 2
2 1
2 2
3 1
4 3 2
4 2
3 3
2 3
30 197 2
1 130
17 133
11 160
147 3 2
15 2
38 3
120 1
3 3 2
3 1
3 3
2 1
4 3 2
4 1
3 2
1 1
4 4 2
4 1
4 4
2 1
3 3 2
2 3
2 2
3 3
8 244 2
7 164
6 70
5 212
3 3 2
2 1
2 2
3 2
3 3 2
2 3
2 2
2 1
4 4 2
4 2
4 4
2 4
272 47 2
155 20
148 20
101 33
4 4 2
4 3
1 3
2 3
198 3 2
7 1
50 1
103 1
22 3 2
15 2
22 2
19 3
3 13 2
2 11
3 7
3 8
253 202 2
75 120
51 5
228 92
134 195 2
95 91
74 21
55 111
3 3 2
2 3
1 3
3 2
3 4 2
2 3
2 1
2 2
72 300 2
38 228
56 46
44 66
296 63 2
5 30
78 47
40 32
3 3 2
2 2
3 3
1 3
3 3 2
2 1
1 1
1 3
4 4 2
2 3
2 4
4 3
284 3 2
264 1
245 2
217 1
4 4 2
1 2
4 1
3 4
140 187 2
53 133
115 43
94 148
3 4 2
3 4
1 2
2 2
300 5 2
2 3
15 2
300 5
214 47 2
141 22
72 2
209 8
253 99 2
114 90
210 26
246 65
168 21 2
163 10
97 9
138 21
260 248 2
212 121
112 198
193 141
289 132 2
283 63
37 122
28 98
4 4 2
4 2
2 1
1 2
144 3 2
89 3
100 3
129 1
242 173 2
210 29
94 76
144 64
3 3 2
3 2
1 2
2 3
4 4 2
1 4
1 2
3 4
4 4 2
1 1
4 4
2 2
3 3 2
3 3
3 2
1 1
100 197 2
9 189
63 138
11 143
4 4 2
1 1
2 1
4 1
4 271 2
2 236
3 168
3 89
4 4 2
1 3
1 4
4 1
168 75 2
47 3
20 35
4 10
3 3 2
3 2
2 3
1 1
20 3 2
4 1
17 2
8 2
101 3 2
7 2
58 1
16 3
231 3 2
50 3
212 2
116 3
65 292 2
51 78
11 228
47 191
3 3 2
1 1
2 1
3 1
3 4 2
2 2
1 1
1 3
141 267 2
131 38
1 215
3 95
53 220 2
34 30
38 1
3 7
3 3 2
2 3
3 3
1 3
11 69 2
2 10
7 6
11 55
4 4 2
1 2
4 3
2 2
3 3 2
2 2
3 1
1 2
145 23 2
3 20
18 3
8 14
110 107 2
42 7
17 71
20 70
3 3 2
3 2
3 3
1 3
4 4 2
2 1
4 1
2 2
63 26 2
29 23
14 19
44 8
4 4 2
2 3
3 4
4 2
36 242 2
27 8
14 116
2 131
4 4 2
4 3
2 3
2 1
3 3 2
1 2
2 3
2 2
132 93 2
29 26
26 90
24 70
3 3 2
1 3
2 3
3 1
181 8 2
73 5
151 1
55 7
180 3 2
42 3
180 2
88 2
3 3 2
1 1
3 3
1 3
3 90 2
2 32
3 52
3 31
3 276 2
2 25
3 99
3 19
200 135 2
198 60
57 108
126 74
3 3 2
2 1
2 2
3 3
3 97 2
1 67
3 9
2 27
3 120 2
3 114
2 58
3 26
219 292 2
128 201
187 151
166 173
3 10 2
2 10
1 9
3 9
199 288 2
190 109
125 55
178 116
63 165 2
45 1
26 71
34 83
3 82 2
1 80
2 68
2 54
3 3 2
2 3
1 1
2 1
3 3 2
2 3
2 2
1 1
227 3 2
138 3
72 2
86 3
3 102 2
2 75
3 32
1 100
252 3 2
44 1
231 1
8 2
4 4 2
1 4
1 3
3 1
3 132 2
3 96
3 13
3 87
4 4 2
4 2
1 4
4 3
241 3 2
6 2
229 3
155 3
3 33 2
3 7
1 18
2 29
4 3 2
1 1
4 3
4 1
256 16 2
24 14
88 12
19 12
3 4 2
3 1
2 1
1 3
166 168 2
32 44
25 139
27 129
175 279 2
159 114
35 73
161 5
3 4 2
3 1
1 3
2 1
47 3 2
46 3
2 3
36 2
3 261 2
2 207
1 163
1 220
3 21 2
1 1
1 14
3 11
4 4 2
4 4
3 2
3 3
248 275 2
86 128
145 122
16 19
4 4 2
2 4
4 1
4 3
94 3 2
35 3
42 1
69 2
271 30 2
34 1
210 19
197 20
3 3 2
3 2
1 1
2 2
243 3 2
178 2
212 3
233 3
3 23 2
2 20
2 21
1 2
104 3 2
47 1
64 2
79 1
3 159 2
1 116
2 89
2 101
4 4 2
4 2
2 1
3 4
136 3 2
125 1
21 3
52 2
300 300 2
1 1
1 2
2 1
276 3 2
161 3
177 2
89 2
4 3 2
4 2
1 1
3 2
96 214 2
32 213
24 75
26 168
4 4 2
1 4
4 4
2 2
3 130 2
2 1
2 91
2 8
7 7 2
4 4
1 7
2 7
4 4 2
4 2
3 3
4 1
3 296 2
1 145
1 287
1 100
16 294 2
12 204
9 44
16 181
196 284 2
166 92
88 177
39 240
226 209 2
148 7
177 8
222 185
4 4 2
3 3
2 4
1 4
170 30 2
50 8
164 1
12 2
3 120 2
1 3
2 12
1 34
4 4 2
3 2
4 1
1 3
3 34 2
1 8
2 22
3 16
3 3 2
3 1
2 3
1 2
48 230 2
5 227
26 141
6 110
102 132 2
28 61
83 80
65 27
149 123 2
16 106
78 24
139 123
4 3 2
4 3
1 1
3 1
255 59 2
32 50
204 38
216 4
3 3 2
3 3
2 1
2 2
4 3 2
4 1
3 3
2 3
3 3 2
2 2
1 2
1 3
234 255 2
25 112
88 203
92 186
3 4 2
3 4
2 1
3 3
3 3 2
3 1
3 2
2 3
3 3 2
3 3
3 1
1 3
120 271 2
80 93
106 40
35 257
3 3 2
1 1
3 1
2 2
82 3 2
20 3
51 3
16 3
168 4 2
124 3
144 4
29 2
225 249 2
178 100
129 202
130 184
4 4 2
4 4
1 1
3 3
4 4 2
1 2
1 3
1 4
32 3 2
3 3
8 2
9 1
4 4 2
3 4
2 1
3 1
3 3 2
2 2
3 2
2 3
3 3 2
1 3
3 1
1 1
3 3 2
3 1
2 3
3 3
126 3 2
47 1
42 3
62 3
3 3 2
3 1
1 3
2 1
3 3 2
1 3
2 3
3 1
227 59 2
158 43
119 35
68 1
297 3 2
153 2
222 3
27 1
158 34 2
135 16
61 7
66 11
3 3 2
1 1
2 2
1 2
3 3 2
2 2
1 3
1 1
3 5 2
1 1
3 2
3 1
3 95 2
2 67
3 88
1 13
99 154 2
64 39
37 31
61 5
196 103 2
55 12
31 70
68 53
33 3 2
10 2
10 1
9 3
226 3 2
23 1
182 1
6 2
3 3 2
3 3
2 2
1 2
296 79 2
158 66
257 62
100 19
3 4 2
2 2
3 4
1 4
3 3 2
3 1
3 2
1 2
269 3 2
68 3
28 3
76 3
4 4 2
1 3
4 4
2 4
4 4 2
1 3
3 2
3 4
3 3 2
1 1
2 2
1 2
3 3 2
1 1
2 1
3 2
3 23 2
2 7
2 2
3 9
26 47 2
21 7
1 30
8 43
186 253 1
25 75
130 15
3 3 2
1 1
3 1
1 2
269 210 2
151 109
24 98
149 208
74 3 2
3 1
62 2
27 3
4 4 2
2 3
2 2
4 1
285 188 2
37 170
182 88
284 169
111 3 2
6 1
2 1
33 2
32 252 2
18 25
26 35
20 25
64 245 2
5 28
17 9
22 240
291 211 2
208 67
155 167
81 199
3 276 2
2 102
2 208
2 128
136 205 2
86 28
65 168
69 93
76 12 2
27 3
55 1
30 1
67 25 2
32 10
66 3
21 18
3 3 2
1 1
1 3
3 1
273 291 2
61 163
120 29
231 45
41 3 2
24 1
36 1
21 1
99 3 2
18 3
75 1
20 2
3 3 2
2 2
2 3
1 2
4 4 2
3 2
3 4
1 3
23 3 2
3 2
8 3
21 2
25 65 2
5 10
6 16
7 9
3 3 2
1 1
3 3
1 3
3 3 2
1 1
3 3
2 2
3 3 2
3 1
3 2
2 2
32 233 2
20 29
4 47
23 28
3 3 2
3 2
1 3
2 2
3 3 2
3 1
1 2
2 2
3 4 2
1 4
3 4
3 1
163 44 2
147 34
52 10
91 15
4 3 2
4 1
4 3
3 3
4 3 2
4 2
1 1
4 3
283 274 2
138 124
281 181
191 155
298 116 2
20 54
42 64
181 36
4 4 2
3 2
4 2
2 2
3 193 2
1 69
1 37
3 181
3 3 2
1 3
2 2
1 1
7 299 2
7 192
4 16
3 163
4 4 2
3 1
2 4
4 2
4 3 2
3 1
1 1
3 3
3 3 2
2 1
1 3
2 3
3 3 2
1 3
2 3
2 2
296 231 2
220 166
98 17
194 46
58 3 2
6 1
16 3
38 2
104 89 2
55 77
36 11
92 82
3 3 2
3 1
2 3
1 3
14 88 2
11 50
7 51
6 52
4 3 2
1 2
4 1
2 1
3 4 2
1 4
1 3
3 4
166 179 2
10 48
21 162
151 116
88 83 2
66 62
69 43
25 57
3 10 2
2 10
1 9
3 9
114 235 2
86 224
97 63
55 47
3 3 2
2 3
1 1
2 1
3 39 2
2 13
2 24
1 13
3 256 2
3 162
3 208
2 250
137 67 2
30 31
103 54
33 45
228 102 2
36 86
103 89
154 95
180 160 2
76 144
177 64
151 55
223 3 2
223 2
154 3
99 3
255 81 2
74 12
4 67
27 50
4 3 2
2 1
1 3
2 2
75 212 2
29 10
7 63
14 54
3 20 2
3 18
1 11
1 5
3 3 1
1 1
2 2
3 3 2
1 3
3 2
2 1
225 16 2
93 10
34 5
146 5
4 4 2
3 3
2 2
1 4
4 3 2
2 1
4 3
3 1
4 4 2
3 2
2 1
2 2
180 75 2
129 31
161 22
144 50
3 3 2
2 3
3 2
3 3
296 3 2
88 1
237 1
65 2
166 198 2
8 139
139 75
142 134
4 3 2
4 3
1 3
2 3
3 3 2
3 2
1 1
2 3
8 273 2
8 109
4 201
2 13
223 130 2
95 101
196 15
9 117
3 3 2
3 2
1 1
2 1
285 12 2
165 2
174 9
280 7
4 4 2
2 2
4 2
2 3
176 3 2
159 3
79 3
42 3
4 3 2
4 2
1 1
3 1
142 5 2
126 5
29 1
49 2
114 3 2
14 2
40 3
37 1
146 243 2
23 40
100 34
118 67
255 169 2
111 108
64 66
196 151
3 3 2
3 1
3 3
1 2
71 87 2
36 44
1 87
71 1
105 33 2
18 16
61 24
83 6
3 3 2
1 3
2 3
3 2
180 3 2
75 3
1 3
112 2
4 3 2
4 3
3 1
4 1
3 3 2
3 2
2 2
1 1
228 74 2
165 60
155 6
100 47
113 3 2
31 1
42 2
91 2
174 93 2
18 43
173 13
40 22
168 157 2
27 14
154 68
46 114
4 3 2
1 2
4 2
1 3
3 3 2
1 2
2 1
3 1
4 3 2
3 3
4 1
4 3
67 25 2
32 10
66 3
21 18
86 142 2
44 136
12 132
75 79
149 7 2
41 2
121 7
117 1
184 238 2
179 45
137 177
183 9
111 31 2
65 15
35 4
107 5
184 165 2
72 28
31 70
63 156
3 93 2
2 9
1 51
2 53
4 4 2
1 2
4 3
2 1
3 4 2
2 4
1 2
3 3
103 239 2
60 194
53 70
103 189
3 37 2
3 29
3 35
3 4
3 3 2
2 3
1 1
2 2
3 3 2
3 2
1 1
3 3
299 3 2
9 2
217 2
138 2
257 193 2
70 126
143 140
136 51
4 4 2
4 2
2 3
2 4
3 3 2
1 3
3 2
1 2
3 3 2
3 2
1 3
1 1
94 26 2
29 21
61 19
22 19
3 3 2
1 3
1 2
1 1
266 198 2
136 10
132 27
87 177
3 3 2
3 3
2 1
2 2
3 3 2
1 2
3 3
3 2
300 300 2
1 1
1 3
3 1
3 3 2
2 1
1 3
2 3
68 37 2
26 6
48 36
37 30
259 179 2
141 162
185 106
101 127
90 125 2
31 64
79 107
63 117
19 99 2
9 50
7 20
16 44
3 4 2
3 2
2 4
1 3
3 3 2
1 3
3 3
2 2
3 3 2
3 1
2 1
1 1
3 4 2
1 4
3 2
2 3
158 3 2
157 1
149 2
34 2
3 3 2
3 1
2 3
1 1
4 4 2
1 1
1 2
2 3
4 4 2
4 4
2 2
4 2
4 4 2
3 3
2 4
2 2
93 118 2
8 16
56 68
54 10
114 106 2
6 101
25 58
1 39
217 9 2
213 5
194 9
114 4
3 3 2
3 2
2 3
2 2
4 3 2
2 1
3 2
4 3
4 4 2
2 2
3 1
4 4
6 178 2
3 42
2 18
2 26
3 4 2
2 3
3 2
3 1
257 294 2
117 290
188 102
74 103
3 294 2
2 133
2 29
2 136
135 109 2
26 108
35 44
133 76
4 3 2
2 3
2 1
2 2
250 169 2
74 30
35 60
115 56
3 3 2
1 2
2 3
2 1
239 96 2
163 43
97 71
186 81
9 238 2
8 156
5 230
4 8
34 34 2
30 21
26 13
16 18
3 274 2
3 150
2 241
3 253
3 3 2
2 3
2 2
1 2
132 100 2
130 66
65 58
62 60
267 141 2
37 110
151 96
107 43
4 4 2
1 2
3 1
4 3
3 3 2
3 2
3 1
2 1
3 3 2
1 2
2 3
1 3
4 3 2
1 2
3 2
3 3
300 187 2
288 42
78 11
107 58
3 3 2
3 2
3 1
1 3
173 44 2
143 12
80 26
129 22
101 3 2
33 3
15 3
23 1
39 189 2
7 53
23 32
20 27
4 3 2
4 3
2 3
1 2
97 274 2
70 76
62 269
85 57
89 62 2
44 62
11 21
65 45
3 3 2
1 2
3 2
2 3
28 54 2
9 19
21 26
17 8
116 180 2
88 84
50 38
29 131
4 3 2
1 2
3 2
1 1
293 215 2
108 212
115 88
186 193
4 3 2
4 2
1 1
2 1
245 3 2
69 2
231 2
54 2
3 4 2
3 2
1 2
2 2
280 234 1
221 97
32 26
206 83 2
90 33
206 14
37 23
3 3 2
3 2
2 1
3 1
3 4 2
1 1
3 3
2 1
3 3 2
3 2
1 2
3 3
113 99 2
4 36
43 47
79 47
3 292 2
2 41
3 147
1 95
258 3 2
163 3
211 2
191 3
3 191 2
3 184
2 46
1 113
3 3 2
3 2
1 2
2 1
3 4 2
3 1
3 4
2 2
191 3 2
48 3
12 2
154 2
69 68 2
9 23
26 16
9 44
117 3 2
79 2
60 3
18 3
76 22 2
26 13
19 12
74 17
3 3 2
3 2
2 2
2 1
3 187 2
2 63
1 22
2 78
9 281 2
3 184
8 240
3 278
3 3 2
2 2
2 3
1 3
267 136 2
100 69
55 84
242 32
79 191 2
62 107
9 31
24 168
4 4 2
2 3
2 4
2 1
84 139 2
54 68
84 35
67 65
55 4 2
27 3
37 4
35 2
3 295 2
2 275
3 128
2 162
3 3 2
2 1
1 3
3 1
276 3 2
246 1
145 2
41 3
8 8 2
8 1
8 8
1 1
4 4 2
4 3
3 3
3 1
160 163 2
38 130
112 4
58 86
90 185 2
3 150
83 29
35 84
281 3 2
104 3
271 3
40 3
4 4 2
1 1
3 4
4 4
3 3 2
1 3
2 2
1 1
3 25 2
2 23
3 20
2 14
3 3 2
1 2
3 1
3 2
3 3 2
1 3
3 2
1 1
298 35 2
61 20
83 34
66 34
31 224 2
27 151
13 176
31 74
4 3 2
3 2
4 3
1 2
290 279 2
170 194
45 3
137 190
204 268 1
4 197
14 18
19 3 2
10 2
1 1
2 2
46 3 2
5 2
39 3
20 1
211 146 2
63 98
3 24
100 53
6 35 1
6 9
6 10
4 3 2
2 2
2 3
3 2
3 3 2
2 2
1 3
1 1
160 111 2
5 33
22 20
82 2
3 3 2
2 3
3 1
1 2
4 4 2
1 4
4 4
2 2
