150
50 99629
100000 33578 99629
93968 58008 99629
7777 61870 99629
63063 0 97400
49423 0 88597
62415 0 75824
10072 0 56236
62713 0 24174
85176 0 67480
6616 18900 99629
76738 0 51095
57889 26965 99629
38741 20514 99629
70183 81 55049
10602 15490 83959
57447 5268 34357
54944 44803 99629
4636 8185 60844
64296 13420 99629
44812 0 94407
77498 10027 99629
67244 21994 79214
1358 0 37130
27065 0 58248
9235 0 97386
34017 30123 99629
56623 16271 93391
37431 29027 99629
80162 0 63839
24606 0 65291
82671 12616 99629
97632 10606 99629
44487 7651 85687
16618 0 53003
93589 50440 99629
9665 63272 99629
59069 0 90143
54268 0 48718
55186 16785 99629
42975 11523 99629
29368 65377 99629
9458 37811 99629
80076 28844 63130
40271 0 55631
56686 45484 86363
43977 0 65067
4344 35718 89107
28882 0 51635
15018 4056 99629
30523 0 58753
27 744
53 317 744
29 0 687
22 0 382
48 124 402
1 212 613
43 290 744
47 282 476
26 256 744
8 301 744
15 0 696
13 309 639
4 443 744
14 117 744
10 0 485
11 0 640
5 160 744
7 0 744
40 0 355
44 182 414
52 63 744
6 0 578
17 0 358
24 0 636
13 0 302
12 0 733
25 0 657
51 0 717
4 382
39 108 359
83 0 367
38 0 265
60 0 378
39 961
72 114 961
97 0 780
124 341 961
42 23 961
70 238 961
119 76 961
87 65 431
4 0 727
75 0 616
129 149 961
106 699 961
87 607 820
31 0 751
125 0 871
6 718 961
69 198 451
93 561 961
79 0 372
84 366 961
86 0 683
2 0 624
113 113 886
99 0 955
100 0 839
80 8 589
62 0 851
71 0 446
116 0 330
73 0 450
32 686 961
85 357 961
49 0 535
110 0 877
61 281 961
103 0 729
121 303 961
21 22 961
68 413 961
29 102 961
33 136
124 62 115
25 35 136
96 38 136
21 56 136
55 0 119
115 46 136
57 0 113
112 0 42
90 0 127
46 0 127
108 0 132
60 0 87
125 0 89
100 31 136
122 78 136
2 99 136
28 71 136
35 3 55
78 0 110
19 0 108
74 39 136
83 0 124
18 0 84
84 18 136
42 0 133
9 0 118
139 0 132
137 0 106
89 13 112
61 0 114
104 0 131
68 0 100
11 0 43
27 176
2 9 176
57 7 78
19 79 176
3 56 101
39 0 170
16 31 176
59 0 75
20 116 160
1 54 176
28 0 123
0 37 77
31 8 176
8 0 37
34 20 176
53 24 112
42 0 142
46 0 171
63 90 176
56 74 176
4 82 176
29 0 164
11 68 176
9 46 176
47 89 151
15 0 135
36 0 140
37 8 176
15 746
11 382 746
8 0 739
5 123 746
38 78 746
81 466 674
65 0 598
31 357 727
39 99 697
82 0 305
0 0 679
33 0 518
66 0 468
54 0 664
67 237 736
43 0 624
11 77
59 0 49
69 0 42
53 2 77
5 0 50
7 32 77
70 0 67
62 0 71
65 2 77
67 44 77
16 0 35
71 0 60
32 216
63 24 100
108 0 176
86 91 216
84 57 209
32 3 216
12 17 216
72 38 216
69 4 216
49 15 216
17 0 186
66 0 174
56 0 59
102 0 185
4 10 216
94 0 190
38 117 216
75 43 216
31 55 129
88 93 216
10 134 216
68 0 147
45 0 106
34 89 216
43 77 216
70 81 216
8 72 216
106 41 216
14 0 183
83 86 143
105 68 187
1 79 216
45 116 216
41 939
5 0 894
115 218 939
1 28 686
87 0 939
111 583 939
85 541 939
11 0 639
21 0 411
117 354 899
121 414 939
101 0 684
88 0 818
16 304 939
86 0 913
73 539 903
106 265 939
61 116 939
84 429 939
118 182 723
13 6 939
43 62 939
105 492 939
83 555 939
70 180 939
38 0 794
42 0 772
108 0 651
17 0 624
55 12 939
4 0 903
44 253 939
58 0 530
39 526 939
93 253 939
119 0 717
24 72 939
33 0 570
66 80 939
56 327 939
67 175 939
95 230 939
25 614
3 497 552
3 133 298
12 395 522
9 112 493
11 567 614
0 364 401
4 105 386
2 0 449
4 73 80
4 475 505
6 275 423
1 20 380
10 29 180
0 41 352
8 56 157
6 0 70
11 284 317
7 247 385
10 212 614
8 422 469
12 0 337
8 504 557
1 399 598
3 424 459
0 452 486
30 481
115 0 322
118 152 262
17 0 326
111 154 481
45 0 229
94 0 360
101 223 481
72 265 481
55 0 129
54 125 467
10 0 371
87 0 439
59 60 481
13 84 211
38 320 481
102 59 233
51 316 481
23 271 481
2 0 284
64 0 451
31 0 481
74 0 465
36 50 481
37 0 435
76 0 312
50 0 407
57 0 402
109 228 481
33 112 425
61 166 481
43 644
4 0 488
39 0 558
80 162 644
28 0 640
49 99 644
95 237 644
2 0 412
123 0 558
31 107 644
97 480 644
121 139 644
32 0 307
133 0 611
35 82 413
11 0 405
34 0 630
88 0 322
104 0 617
43 185 630
37 0 461
68 206 644
41 23 410
103 47 184
65 215 644
102 0 629
147 0 468
134 166 352
25 213 500
22 0 390
29 62 644
44 0 499
3 180 644
5 63 644
136 276 644
81 0 302
148 0 283
19 0 231
61 0 612
59 6 644
7 23 644
45 93 465
84 0 239
98 0 282
22 407
5 23 407
45 122 407
38 0 186
37 196 407
53 0 351
30 10 407
24 136 407
71 5 407
4 0 327
43 31 317
88 214 407
12 85 194
85 0 295
25 40 407
34 0 376
77 0 269
10 0 266
69 0 377
72 0 306
48 237 407
22 0 407
32 23 282
27 82
1 24 82
3 0 79
24 0 63
20 41 77
25 35 82
0 0 28
11 22 82
18 0 69
21 2 82
10 4 82
4 25 82
9 0 41
37 44 82
2 48 82
27 7 82
34 21 37
14 7 82
32 0 67
12 19 82
30 0 51
28 20 82
6 30 82
19 4 49
15 28 82
16 28 79
23 0 77
26 40 82
28 440
67 0 341
23 0 287
28 0 346
88 126 271
50 90 440
39 94 194
74 0 250
52 103 440
85 17 381
8 172 344
6 92 381
45 0 194
89 0 310
63 0 151
43 83 440
65 216 440
46 117 355
58 0 336
19 188 302
11 50 142
1 88 440
81 104 356
29 150 440
5 0 425
30 125 440
70 83 372
7 0 279
55 300 398
31 632
24 122 632
31 173 454
38 0 268
18 55 231
9 26 325
7 104 409
48 24 632
37 0 630
18 395 632
41 0 562
33 52 632
20 0 331
15 195 522
26 152 562
5 0 624
16 0 575
12 0 537
11 0 409
47 310 632
4 36 469
1 277 632
44 396 543
6 0 614
46 162 632
0 0 494
28 0 574
22 0 464
13 0 625
17 305 632
30 256 632
27 30 632
11 990
12 0 862
23 183 990
24 283 990
18 405 990
46 125 990
25 293 990
13 41 691
10 0 949
28 5 990
7 758 983
26 261 990
10 753
21 0 714
61 0 526
23 0 221
62 0 624
49 159 725
40 0 487
13 138 753
25 238 452
19 364 753
33 0 746
39 676
62 203 676
15 0 651
65 26 676
85 0 676
41 0 440
18 241 676
71 278 676
10 192 676
1 164 350
73 200 676
2 0 514
84 92 571
60 0 461
39 217 382
25 0 481
16 40 676
52 0 318
8 0 538
12 206 676
44 226 676
77 32 676
64 172 676
56 0 654
11 33 676
82 0 415
23 303 676
26 132 676
29 0 535
0 63 676
79 153 676
34 0 397
17 0 456
40 31 676
36 215 676
61 0 657
13 0 260
78 106 676
66 239 676
74 272 676
11 15
2 1 7
2 9 15
3 0 4
5 7 13
7 0 8
8 3 6
8 8 15
10 2 9
11 8 13
14 6 15
16 0 6
26 232
37 47 232
6 9 122
30 0 191
15 19 232
34 66 232
32 25 232
42 6 155
3 0 218
9 0 153
13 72 232
10 0 205
35 0 207
5 0 148
31 0 136
39 0 106
7 115 232
18 0 102
28 116 232
11 114 232
27 78 151
40 146 232
46 0 111
12 102 232
2 0 232
11 0 80
38 21 232
45 478
35 0 285
3 215 478
23 214 432
26 0 447
48 92 281
11 41 478
6 112 478
67 156 478
61 0 229
18 158 478
52 0 230
31 0 197
1 0 456
32 0 455
53 0 116
17 257 478
25 61 478
21 176 478
27 244 417
13 1 333
34 3 182
64 0 294
8 293 478
55 0 478
47 0 462
40 0 339
0 0 301
30 118 478
4 0 440
51 264 424
57 0 398
45 202 478
41 21 158
59 161 452
58 319 478
46 178 478
60 0 214
43 0 137
46 0 168
66 30 478
28 0 423
56 112 478
61 293 478
14 0 270
65 180 478
44 332
115 241 307
48 65 332
64 0 250
125 0 183
3 0 224
86 58 332
87 113 332
18 0 268
51 2 108
45 73 283
122 0 305
6 211 332
107 138 332
110 13 332
57 128 332
117 71 332
76 139 332
22 112 332
30 67 332
12 59 332
23 0 271
44 12 332
46 37 297
120 59 332
41 0 316
81 3 177
112 0 318
40 71 139
81 240 332
59 0 265
103 0 293
15 0 219
94 91 332
11 96 332
80 48 332
56 0 255
66 0 316
75 67 332
4 64 332
118 0 307
68 0 312
38 0 254
70 42 332
65 163 332
6 815
27 329 815
61 186 815
28 0 815
4 0 537
8 0 462
58 188 595
42 427
1 0 309
39 135 427
11 0 328
44 0 288
6 0 412
16 13 427
47 0 284
15 0 357
25 124 427
3 39 427
42 268 368
5 0 342
26 69 262
27 0 320
7 0 252
13 207 388
8 283 427
41 0 240
52 300 427
32 86 427
19 201 415
43 0 377
29 0 395
7 259 427
33 14 394
36 94 427
0 0 359
2 26 353
30 0 380
23 1 399
21 111 427
9 136 427
49 95 427
35 0 402
38 116 232
48 0 302
17 47 401
20 202 427
12 193 427
45 307 427
46 0 344
34 0 174
50 971
51 0 728
18 335 971
32 47 971
41 0 850
49 38 971
8 0 919
0 189 971
40 225 971
29 0 611
6 456 971
59 64 971
5 82 680
34 144 971
35 169 971
48 0 794
36 33 971
53 134 971
17 0 558
25 42 594
50 248 971
31 0 961
47 330 971
55 0 586
65 0 215
2 40 971
39 4 971
11 345 971
52 216 971
43 265 881
27 0 865
58 0 857
15 128 971
10 0 898
30 75 971
20 92 971
54 0 724
4 138 971
12 117 971
63 71 500
1 50 971
3 0 678
65 472 971
60 424 859
38 0 461
22 84 971
62 0 897
19 0 964
24 0 562
45 0 691
7 0 650
30 839
49 15 839
28 0 431
23 210 839
11 0 792
3 287 839
14 82 839
12 321 529
40 0 791
48 20 328
24 96 839
27 0 728
4 348 839
7 63 359
15 17 839
43 357 628
29 72 544
26 0 754
39 0 599
50 0 720
45 0 560
34 101 839
5 120 839
8 0 653
1 0 839
41 46 839
13 109 839
17 144 839
36 531 839
31 13 839
46 530 839
50 913
13 487 858
2 684 875
6 0 460
81 0 886
11 648 900
70 171 913
48 0 705
16 257 913
25 351 913
32 0 854
74 262 913
46 173 913
77 59 404
59 0 733
9 479 913
80 0 699
58 132 452
0 67 913
71 4 913
45 180 913
6 524 913
53 13 913
38 53 913
44 317 913
20 176 913
72 121 913
51 0 852
28 0 855
76 0 857
63 0 448
19 637 834
56 0 383
49 297 503
62 36 913
79 0 774
21 68 913
29 0 558
18 62 913
14 0 474
43 0 694
55 233 913
27 289 913
12 0 600
23 272 749
19 0 575
36 0 625
52 361 913
41 535 794
34 240 745
61 335 913
50 99837
100000 0 95815
93913 0 66977
2104 17849 99837
48320 49218 99837
7304 0 80739
43258 16624 61903
72280 0 70319
71766 59713 99837
57014 0 46914
78458 8080 99837
58255 15169 62119
82680 0 60629
82281 0 88526
83391 0 67590
15494 25510 51765
43151 0 79307
41441 0 89911
92180 0 75850
75545 0 76272
86796 34804 87458
16858 0 77438
58711 62767 99837
8106 40721 99837
69693 43016 99837
98413 53867 99837
91880 74245 95247
61423 0 48298
43982 46526 69398
6568 0 78679
87471 69091 99837
92154 45282 99837
22638 0 55238
35028 0 47487
53516 29177 99837
2037 46741 99837
63782 0 75575
55030 0 94078
26792 0 63517
69823 16452 99837
75893 0 88108
12290 0 99360
41477 11793 99837
95930 46512 99837
15996 0 76999
22406 21739 99837
67211 0 35852
68589 5451 99837
2600 42828 99837
85115 0 58234
21559 32038 99837
3 9
33 0 6
66 0 9
99 3 9
47 421
22 0 405
48 6 253
45 202 421
19 14 421
33 0 161
34 215 421
3 131 421
34 0 165
56 193 421
31 163 421
58 50 421
53 10 421
10 0 130
6 90 421
54 215 421
16 35 421
46 23 421
40 43 421
41 0 234
4 54 421
11 145 421
9 0 339
44 58 421
32 4 181
13 0 390
24 209 421
21 275 421
51 0 230
1 158 385
23 71 187
7 58 386
18 0 288
12 0 136
37 0 370
42 224 421
30 89 421
27 0 413
57 21 421
39 37 187
20 0 268
17 0 250
36 58 264
2 265 421
26 0 191
0 27 421
25 0 421
8 18 421
50 100000
100000 25697 100000
96114 0 75919
55020 45840 100000
12712 30014 100000
8973 0 62582
36320 6906 56362
66239 36919 100000
98030 50788 100000
36614 0 56722
6471 46773 91136
97823 59309 100000
38506 0 72487
69706 0 97253
75371 46851 99114
71451 21863 100000
41964 21457 100000
82415 0 99442
83585 0 73981
55014 0 100000
8483 54911 82330
62819 18776 38932
92868 28387 100000
41311 0 65188
83336 15898 56458
2864 0 55258
75766 0 77956
40160 1301 100000
46238 16980 100000
75249 51257 100000
7754 22034 55502
19835 0 91045
6406 0 93733
94401 37861 100000
10218 0 50747
25496 0 59498
49929 52410 82083
88840 419 26105
47287 0 97402
34402 48022 81453
95982 0 38149
94061 4309 74476
91984 23971 70310
21500 0 80809
59436 0 57030
53720 0 40937
63724 23903 100000
44995 0 76747
16687 0 65194
59953 0 83332
16243 8047 60955
8 620
53 0 607
89 384 620
52 454 612
58 397 620
84 186 620
3 0 368
19 0 357
2 0 363
46 381
64 249 341
1 80 381
16 80 381
9 0 355
55 0 285
7 60 276
2 0 183
43 0 360
49 142 381
51 103 349
8 0 381
20 54 381
56 0 190
45 167 381
59 80 381
24 0 304
5 247 381
52 22 381
3 62 381
41 0 365
12 126 381
21 0 263
62 0 367
32 223 358
23 50 381
25 82 381
19 12 381
39 0 364
14 101 381
53 4 381
17 202 381
61 0 151
54 103 325
31 167 381
29 0 91
10 91 381
5 52 171
4 169 324
40 0 299
46 64 381
29 237 329
57 0 303
26 0 198
2 211 381
34 221 362
0 113 270
3 461
2 0 459
51 0 153
66 0 156
22 394
3 0 394
26 0 268
79 0 188
64 0 281
66 0 293
82 0 292
19 0 304
8 14 261
77 0 229
68 0 130
37 0 324
55 0 293
74 100 385
88 0 240
43 190 394
34 171 336
14 8 158
9 34 394
1 0 329
87 13 394
17 0 341
61 44 394
25 327
6 36 220
24 58 327
4 0 269
14 0 195
75 0 311
90 0 237
33 24 205
107 90 327
51 75 327
64 0 317
65 0 243
53 56 327
66 28 327
18 28 107
62 131 327
68 162 279
23 21 327
16 0 134
52 0 247
55 225 327
27 204 327
73 0 145
102 112 260
8 0 188
35 0 235
39 644
7 340 615
31 0 581
56 225 644
81 0 414
59 51 456
26 243 644
63 17 644
47 118 644
80 47 390
50 0 574
61 291 644
93 12 644
49 114 644
57 79 248
78 55 644
12 0 584
44 199 644
25 0 597
67 183 644
20 0 571
37 164 644
55 126 409
28 81 644
22 131 348
16 116 644
48 0 438
32 0 479
39 327 597
39 87 271
18 0 469
2 287 644
69 119 644
72 197 644
84 0 511
74 0 456
76 239 543
52 0 513
1 0 563
87 0 468
45 153
90 12 153
28 65 153
98 75 153
92 39 152
103 0 124
91 98 153
117 13 95
44 59 153
36 39 153
101 0 144
25 50 153
71 24 130
14 50 153
67 42 153
54 0 73
2 13 153
1 9 106
105 0 149
13 0 123
34 0 99
23 66 153
100 64 153
48 104 153
21 50 153
55 0 114
33 33 121
51 0 152
64 4 95
75 0 153
73 0 152
38 7 153
70 0 127
89 0 136
43 67 133
30 70 143
31 21 153
99 91 136
74 47 85
78 0 122
110 25 153
50 18 100
5 0 109
93 50 153
59 51 153
60 0 83
43 469
50 0 250
46 0 380
49 115 469
1 0 203
21 0 402
24 13 469
5 0 405
59 30 354
2 69 172
56 37 266
42 0 212
67 77 418
31 166 469
38 19 469
48 257 469
62 0 310
47 10 156
15 14 320
66 105 469
58 25 181
4 322 469
35 17 181
43 3 469
36 0 422
57 0 349
10 186 406
26 0 235
54 205 469
7 0 420
13 148 408
34 0 380
64 0 424
44 152 469
19 21 249
52 58 225
33 26 252
17 0 318
41 0 428
61 0 468
54 0 176
3 279 469
63 171 443
55 248 434
50 96584
100000 0 94697
73849 14298 96584
93796 24441 96584
13460 24999 96584
10767 56877 96584
92069 44057 96584
75407 62653 96584
96263 10526 96584
3620 9617 74034
59437 0 63032
64203 40718 96283
17953 0 52219
35414 0 67173
59734 10674 96584
78977 0 37380
16388 4097 96584
10495 0 84305
34264 0 42586
53344 0 78592
46596 0 76741
767 0 82734
76046 0 92700
69677 57469 96584
71407 0 78091
66144 0 80435
48261 34023 96584
96994 3717 71988
28809 0 63831
14149 0 96584
97692 0 94155
12011 31215 96584
99283 21773 96584
30636 0 83267
69214 0 72741
9147 0 67523
58603 38955 96584
20284 38889 94358
58663 13951 65504
97228 0 42290
31577 44555 96584
65257 18384 96584
7620 0 78381
62421 0 57178
47356 35657 96584
5542 0 88859
1532 23726 96584
58719 4324 96584
12941 0 83068
48258 0 93141
73165 44971 96584
35 256
62 0 199
119 0 245
30 0 84
52 42 256
66 72 256
98 98 256
46 50 256
82 37 256
71 23 256
64 0 228
111 56 256
88 86 256
100 0 135
81 15 256
112 0 205
12 19 256
10 0 231
116 109 256
27 52 256
91 150 236
17 0 178
90 50 256
42 72 218
32 0 176
16 42 256
2 0 180
24 55 256
93 1 256
102 0 111
75 116 202
34 0 227
13 41 256
95 0 220
9 77 256
109 0 236
8 762
11 34 762
47 0 687
73 0 591
51 215 680
22 0 647
57 0 741
72 51 360
45 89 425
9 777
0 52 777
46 0 565
4 317 777
8 53 777
17 0 775
3 0 539
44 0 724
37 31 777
50 291 777
50 96650
100000 69037 96650
25487 0 86237
39640 0 52868
29771 29890 96650
22707 8244 96650
30066 0 53533
55320 16053 96650
87888 0 88982
67877 0 87623
33157 52756 80956
61094 0 94840
94917 8695 86597
64098 13611 96650
35233 10140 96650
57021 0 84064
93234 29203 96650
75342 31997 96650
41840 0 86462
418 22082 96650
15681 41422 96650
29233 0 55240
42599 17018 96650
94142 29713 52961
80948 0 94101
50183 0 86687
18125 38871 96650
29812 31305 96595
95970 14654 96650
91047 0 93274
59496 35224 96650
52807 14419 72171
26683 6478 96650
2970 0 91157
50652 0 78889
11420 20710 96650
2463 0 73200
88708 0 76942
49448 1574 31434
22640 0 95838
48806 10854 96650
59667 32024 96650
69108 0 87094
26785 69041 95222
78582 0 43910
36803 0 87114
57888 0 86823
30038 28416 68768
65727 42994 96650
60454 0 58557
12124 11764 96650
37 525
59 29 525
92 45 314
2 87 381
5 168 525
27 0 372
44 0 423
81 76 181
104 148 372
66 100 525
120 208 525
115 0 516
65 152 525
81 233 457
1 52 525
42 0 312
88 0 131
140 0 525
60 14 525
99 0 411
77 0 338
21 350 525
114 231 525
28 0 491
110 41 263
94 0 281
97 253 361
36 201 525
0 150 525
100 280 525
108 221 525
70 0 231
143 93 525
119 0 260
62 42 525
90 355 476
38 15 525
135 0 452
2 4
0 0 3
1 1 4
50 100000
0 1 100000
1 0 99999
2 1 100000
3 0 99999
4 1 100000
5 0 99999
6 1 100000
7 0 99999
8 1 100000
9 0 99999
10 1 100000
11 0 99999
12 1 100000
13 0 99999
14 1 100000
15 0 99999
16 1 100000
17 0 99999
18 1 100000
19 0 99999
20 1 100000
21 0 99999
22 1 100000
23 0 99999
24 1 100000
25 0 99999
26 1 100000
27 0 99999
28 1 100000
29 0 99999
30 1 100000
31 0 99999
32 1 100000
33 0 99999
34 1 100000
35 0 99999
36 1 100000
37 0 99999
38 1 100000
39 0 99999
40 1 100000
41 0 99999
42 1 100000
43 0 99999
44 1 100000
45 0 99999
46 1 100000
47 0 99999
48 1 100000
49 0 99999
50 99202
100000 0 96169
53116 50488 74909
23357 18780 99202
93787 9103 99202
77257 34264 95152
53650 55301 99202
2000 0 68636
6898 73147 99131
12900 0 33902
12858 32036 99202
65546 45191 99202
77980 0 95882
41097 0 73031
48945 0 71642
66955 51038 99202
50071 16696 99202
10494 61371 99202
67434 27037 99202
38739 0 90799
19152 16484 99202
27051 0 79043
10760 24800 99202
79707 0 58702
98486 0 60459
82801 0 84683
4012 25667 99202
19910 15157 99202
30982 0 39906
38436 29222 99202
31404 67062 97488
60985 6555 34890
35033 5793 99202
22290 0 84025
60104 36758 57780
69717 0 88052
81327 17662 42294
10245 0 56466
36295 0 76587
53402 13361 39744
8640 12064 92188
72535 17499 99202
72847 38181 90175
10876 31436 85085
93953 0 48837
89083 5610 37974
41329 11393 99202
6862 0 80494
28833 0 80754
40353 4486 93115
87949 6530 99202
32 381
30 40 260
99 58 381
82 193 381
33 0 296
102 0 287
65 100 381
24 0 271
107 0 362
71 152 381
36 129 381
76 70 381
87 273 381
96 0 347
17 0 304
41 0 295
8 0 153
28 9 381
92 154 381
11 55 381
77 80 345
61 68 381
51 266 362
37 0 159
94 150 381
39 0 136
35 25 381
2 64 381
42 67 381
54 114 381
68 25 381
53 235 327
14 0 341
28 349
12 132 349
7 193 349
1 0 323
36 0 344
15 0 196
39 9 349
7 0 181
4 200 349
20 0 311
35 0 174
19 0 233
27 47 349
42 7 349
2 107 349
34 30 349
9 101 349
17 0 348
3 66 349
26 69 349
18 0 296
29 98 326
21 50 349
43 15 349
23 184 344
8 89 205
28 35 152
31 83 262
0 0 214
41 963
12 676 963
15 112 610
69 354 963
3 159 963
1 88 418
4 0 833
24 380 728
63 480 744
38 272 963
61 271 870
24 36 347
55 118 963
47 330 963
71 0 739
18 32 737
14 0 839
48 0 963
9 0 518
57 354 886
11 0 963
35 0 833
20 79 963
45 645 922
41 201 963
29 157 963
60 0 518
59 180 963
32 280 963
31 0 810
64 34 963
36 101 956
5 0 472
68 0 459
37 89 963
51 0 920
40 0 658
65 0 617
8 138 886
23 0 877
19 0 855
58 97 963
32 208
55 0 174
7 0 206
80 0 97
2 48 208
22 0 146
38 0 123
18 6 208
47 15 208
5 42 152
62 0 84
14 68 120
23 0 198
81 0 155
51 36 208
79 0 109
58 0 201
72 50 208
4 0 113
43 0 161
52 8 208
71 0 103
1 11 208
26 0 137
56 26 208
30 94 148
40 0 114
30 0 69
6 51 208
0 0 156
54 0 135
25 0 138
62 110 168
46 221
34 0 123
72 0 186
30 0 86
1 56 221
32 0 213
10 43 221
80 103 221
81 97 221
67 59 221
0 0 214
48 0 138
20 10 221
100 0 132
22 0 167
94 0 185
76 0 189
52 29 165
44 0 213
95 62 221
88 0 184
57 6 172
91 0 183
8 18 221
37 50 221
60 0 173
9 22 103
26 56 221
73 0 151
51 36 221
46 0 187
47 32 140
99 61 221
39 107 183
78 156 221
43 0 182
64 81 177
27 94 221
14 0 208
24 0 142
33 0 170
11 0 210
50 0 71
84 11 169
70 0 195
56 0 139
75 0 218
18 755
13 121 755
18 0 550
30 418 720
63 82 755
33 0 735
61 320 613
46 0 614
57 231 755
29 27 755
19 227 755
50 258 424
2 108 755
49 197 615
30 0 347
43 0 679
45 265 755
37 0 694
16 163 755
19 581
25 223 581
5 0 431
8 360 581
46 0 368
0 84 581
9 101 508
41 383 581
16 110 349
2 240 581
44 0 392
10 0 528
39 139 260
4 56 581
13 0 332
18 86 523
14 14 581
6 0 551
24 0 210
28 6 581
8 123
28 40 116
36 17 94
25 1 123
70 0 105
81 36 104
35 5 123
34 2 123
7 41 123
43 306
42 158 283
56 59 306
65 0 271
66 0 183
50 47 306
8 4 270
88 55 306
55 0 237
29 125 306
25 7 306
46 0 148
80 0 240
28 0 259
30 45 306
62 216 306
53 113 306
77 10 306
82 0 122
70 0 219
89 123 306
61 208 306
6 0 292
14 36 99
87 0 270
15 0 185
17 199 306
12 58 306
58 180 306
34 51 306
10 75 306
63 0 284
3 76 306
4 34 113
2 15 306
68 27 306
71 0 283
38 62 246
22 0 174
32 142 306
72 18 165
43 167 306
48 0 221
24 101 306
28 236
53 174 236
111 0 192
58 184 236
109 42 236
96 0 189
94 74 236
17 0 119
7 76 123
125 0 184
61 21 90
47 0 211
103 124 219
67 96 236
132 131 236
123 35 236
28 36 104
82 0 209
63 47 236
106 0 230
22 0 225
32 78 236
118 25 236
72 0 235
77 0 218
31 54 126
119 6 236
71 45 236
40 0 236
32 151
124 0 95
119 5 151
36 0 103
32 4 151
74 0 133
108 48 151
40 0 139
106 0 139
45 0 86
57 0 87
38 0 134
63 29 151
100 0 105
60 2 151
128 0 36
29 0 98
113 52 125
10 0 143
87 31 151
78 26 151
72 15 151
120 0 135
83 1 151
11 0 146
16 43 151
81 0 94
23 15 121
121 53 144
6 58 151
107 6 151
129 6 50
26 6 151
20 955
10 0 398
20 0 538
35 0 424
28 201 573
25 0 528
60 0 819
14 0 637
49 128 955
62 130 595
48 382 949
9 328 955
13 0 912
7 0 668
27 0 896
1 362 955
12 448 757
19 0 666
34 491 955
33 259 955
34 0 480
20 350
8 0 262
14 0 95
46 1 350
37 22 350
25 0 250
65 210 350
60 0 321
56 56 350
12 0 317
26 135 350
16 50 350
49 0 147
18 60 350
39 171 253
41 264 340
58 82 350
61 26 191
42 116 350
24 94 244
54 25 107
14 799
18 0 424
22 100 435
8 0 389
36 0 451
9 278 799
26 425 799
23 5 201
16 0 742
47 178 799
11 88 799
21 384 799
43 0 697
15 49 799
7 0 575
2 201
8 12 201
10 116 172
17 95
70 0 50
30 0 56
68 15 95
22 41 95
18 0 93
60 0 44
29 0 71
3 45 95
8 0 92
15 0 78
17 3 27
71 0 30
25 3 95
42 7 95
71 54 95
33 0 82
11 23 95
1 693
71 0 478
15 461
86 0 403
37 0 329
45 94 461
103 0 227
62 211 461
65 0 383
5 119 451
56 0 458
85 56 461
108 235 461
38 39 269
39 0 357
114 0 384
8 27 430
21 305 419
14 853
12 71 598
1 232 853
34 332 607
26 0 672
50 100 853
38 0 613
29 35 853
46 222 853
33 0 756
37 232 853
13 0 398
17 22 636
10 0 472
28 0 702
33 794
37 312 502
56 0 302
32 356 794
44 0 624
67 0 724
73 63 794
36 0 658
70 0 422
40 66 794
46 0 658
7 0 458
53 91 794
28 77 794
72 0 723
69 0 769
60 164 794
8 0 367
41 0 519
22 48 794
79 0 527
58 0 753
39 184 794
2 0 352
15 27 794
38 366 794
16 0 768
52 452 794
31 0 636
68 209 654
11 0 299
4 0 560
75 183 794
19 165 794
10 343
6 31 343
5 1 343
1 0 270
3 43 343
28 0 315
19 0 312
10 0 172
27 11 343
11 0 148
8 0 276
44 724
47 98 724
29 0 481
7 0 644
24 286 724
19 158 724
5 436 724
33 0 715
13 141 724
56 301 724
39 0 631
42 350 724
26 3 724
31 0 670
18 31 724
65 321 507
63 101 716
12 0 586
64 55 724
2 86 724
34 82 255
52 0 358
8 244 724
53 169 724
15 0 583
6 0 621
1 69 315
27 225 724
58 286 724
17 417 689
22 0 610
66 433 724
59 0 613
45 302 724
35 0 400
25 0 623
42 0 320
4 51 724
21 376 724
20 362 647
61 0 574
60 0 427
41 0 513
54 77 724
62 364 669
11 866
52 0 805
3 65 866
28 61 866
19 0 849
29 0 276
16 585 818
13 0 493
58 63 866
26 401 676
38 0 400
36 0 720
28 480
37 55 480
30 45 480
40 279 480
39 165 480
25 0 242
16 49 480
32 0 359
4 0 477
3 50 480
24 0 390
12 52 480
36 0 460
22 0 422
31 4 480
18 78 461
13 54 480
10 0 424
19 79 480
27 0 441
17 322 480
43 158 480
35 0 299
0 143 362
5 0 336
26 0 277
20 0 458
9 0 439
34 248 480
49 935
42 0 518
68 337 935
27 77 935
25 361 935
24 0 407
29 4 282
12 0 802
56 43 513
8 252 808
11 161 935
31 0 770
0 0 627
36 329 557
16 194 935
49 0 803
19 287 631
18 122 935
61 403 935
20 392 935
1 0 548
52 0 891
62 259 493
64 0 733
33 38 935
9 17 935
67 568 872
37 0 698
71 0 893
38 0 654
34 0 638
70 140 935
2 0 750
13 256 935
17 476 935
40 155 591
26 565 760
22 0 778
55 66 935
26 0 538
15 89 847
54 570 833
60 98 935
43 208 495
53 357 935
5 425 935
7 155 701
23 95 494
65 516 935
41 354 700
38 120
12 0 103
25 0 112
42 69 120
36 1 120
75 31 120
85 16 120
15 36 88
29 0 72
22 14 120
10 51 120
11 0 92
103 0 83
6 60 120
49 0 66
9 0 104
31 4 120
93 28 120
32 0 115
89 0 93
78 0 105
73 51 120
1 43 120
67 92 120
64 3 120
76 8 120
50 0 113
19 0 107
46 0 117
98 2 120
21 27 64
59 0 109
27 18 120
55 0 112
72 1 61
24 6 120
48 0 113
105 22 120
95 0 97
34 513
12 42 513
72 252 513
70 194 513
44 0 364
9 118 395
90 0 286
63 0 363
27 0 401
52 7 513
3 0 272
76 0 241
36 0 456
6 3 513
57 306 513
64 0 399
55 0 369
45 48 393
58 0 361
31 130 513
59 0 277
16 230 449
75 137 513
39 31 201
28 21 425
23 0 334
42 0 492
88 0 498
11 0 216
47 0 419
22 0 261
86 0 362
2 71 513
49 0 488
7 223 401
3 276
20 85 276
41 0 265
5 0 219
50 97756
100000 0 54175
19016 0 67626
78315 0 62848
4726 22222 94058
55400 0 59289
10639 55205 97756
4706 0 86529
32779 51166 97756
44558 0 43229
41952 26065 97756
71041 11622 97756
58382 0 97756
44365 9426 97756
45891 27462 97756
97623 0 49691
38914 19504 66727
28665 0 66699
32282 3988 97756
74957 0 91015
17799 0 97533
20760 0 69981
76378 0 78622
61602 0 54554
59706 0 67166
33016 0 70498
12112 0 75739
98696 0 84523
81202 0 62077
10310 0 76293
125 29080 97756
89181 12379 74389
32465 0 65516
71989 0 68472
52686 8757 45106
86427 0 96367
61301 0 78921
55510 19162 97756
99642 30056 97756
55546 24606 97756
89194 1977 55850
35503 0 75944
49800 0 72812
3671 0 43671
16797 59421 97756
44087 11308 97756
20754 0 53477
72359 0 60072
33546 29635 80484
4422 64667 97756
19561 7449 97756
45 268
19 0 217
24 0 181
26 11 112
56 72 268
12 29 268
10 0 117
5 79 171
33 0 104
27 0 252
58 0 107
20 0 120
66 116 261
22 17 268
65 0 249
66 0 67
1 0 200
14 0 231
70 44 112
62 75 268
45 83 189
50 40 268
39 0 268
58 149 268
4 0 191
2 66 241
63 30 243
72 0 265
13 0 254
52 0 195
30 38 112
36 146 234
46 58 268
75 0 205
9 39 268
68 191 268
17 139 246
43 0 115
7 0 236
18 0 131
74 132 268
44 0 215
49 0 257
31 0 211
35 0 155
73 98 181
8 712
43 2 712
3 0 680
35 75 380
12 157 442
28 26 519
59 0 450
54 96 712
50 0 698
11 315
42 121 267
29 0 232
31 96 165
40 131 293
19 0 276
39 96 315
0 0 315
47 32 250
45 209 315
36 0 249
18 0 167
7 30
10 0 10
20 0 10
5 8 21
15 7 20
25 9 22
10 20 30
20 20 30
8 499
12 14 499
19 202 499
7 228 499
2 75 499
20 0 176
5 298 499
16 362 499
6 14 499
39 426
35 207 351
21 0 257
23 0 379
16 0 359
17 90 426
54 231 364
11 132 426
49 168 426
34 0 376
13 0 175
47 55 426
25 335 426
53 103 342
29 37 312
7 164 426
12 74 426
45 15 426
3 0 243
41 0 385
48 194 426
39 0 386
22 96 426
37 95 297
8 30 426
43 116 426
20 0 362
44 85 426
50 0 410
10 238 426
28 0 425
38 202 426
40 0 342
0 0 313
52 121 426
36 80 426
4 121 426
24 6 426
51 263 426
19 130 426
11 152
0 2 59
15 29 152
23 59 152
7 78 123
5 0 108
18 106 152
9 0 129
17 16 152
33 0 145
27 0 133
25 92 152
34 713
34 0 659
2 326 713
54 0 373
1 0 351
13 68 713
5 373 713
19 94 713
35 128 713
21 5 713
45 346 713
28 0 503
20 0 693
43 0 607
30 18 213
44 210 401
24 0 506
12 58 713
25 23 302
15 0 685
57 122 713
39 0 462
32 0 633
11 0 632
16 0 255
22 0 632
26 182 713
38 0 207
17 271 713
36 448 713
31 32 713
41 0 632
58 0 698
29 0 362
16 279 713
37 44
36 1 42
62 2 44
7 1 44
53 0 32
18 0 37
42 0 34
60 13 44
40 6 44
85 0 40
66 36 44
16 6 44
15 19 44
19 10 44
68 9 44
48 10 44
67 14 44
52 0 43
72 9 28
86 13 44
63 25 44
12 0 40
33 10 44
50 0 17
81 5 44
65 0 22
26 0 21
41 0 30
76 24 32
4 24 44
69 0 25
2 7 22
55 0 39
43 0 32
3 0 27
44 4 44
24 0 28
29 22 44
19 65
63 11 65
3 1 65
46 7 65
37 33 57
24 0 62
27 0 51
80 2 65
35 13 46
30 0 59
58 0 60
70 2 62
13 4 26
68 0 60
25 1 45
73 0 42
31 1 65
19 44 65
2 0 24
56 0 48
30 383
122 128 383
5 8 383
112 0 367
49 11 383
32 223 383
108 0 260
8 202 314
89 0 244
61 0 188
78 0 129
0 0 264
80 22 383
15 103 383
123 0 378
52 122 383
107 20 383
113 0 227
72 36 383
83 92 336
1 85 383
85 0 348
77 9 209
59 0 378
127 0 218
7 0 366
50 181 274
64 130 383
75 0 304
38 0 332
46 54 383
27 30
45 6 29
33 0 19
46 13 30
36 0 22
2 16 25
1 2 30
15 0 27
37 0 30
8 1 15
30 19 30
5 22 30
40 10 30
32 0 22
11 7 30
12 2 30
42 0 17
29 22 30
7 2 30
22 20 26
46 4 11
44 0 29
38 0 29
16 0 21
25 8 30
9 17 30
10 18 25
23 0 16
19 482
21 0 402
18 0 482
29 0 337
10 311 482
5 0 227
37 0 371
31 0 479
4 0 331
24 0 333
20 191 482
35 201 386
17 244 482
11 0 403
13 158 482
6 244 482
30 69 482
27 296 482
12 0 309
28 49 482
13 928
45 62 928
54 0 219
90 49 928
48 51 798
43 0 912
42 299 564
13 0 728
24 412 928
101 0 780
94 65 928
57 16 350
14 0 748
4 0 867
3 418
3 11 418
48 0 314
10 0 402
49 883
25 0 791
85 0 383
57 0 847
45 0 629
49 0 849
35 241 883
30 0 693
17 0 864
73 144 383
2 73 883
68 162 360
88 0 601
48 21 883
5 0 610
65 159 883
43 108 883
24 0 756
34 0 742
56 0 757
27 86 883
8 77 837
52 0 865
67 40 632
0 72 883
83 210 883
75 0 643
64 17 883
76 0 690
15 661 877
6 0 224
38 0 577
15 0 451
12 397 883
63 281 566
61 0 479
81 0 859
44 219 883
13 18 883
29 64 883
79 63 883
55 442 704
51 168 883
60 278 883
86 0 723
74 0 843
40 203 795
10 247 883
28 92 883
84 328 883
14 887
32 0 831
4 164 887
6 334 887
29 0 858
17 0 867
75 479 887
54 79 632
101 199 887
7 161 737
105 496 748
52 203 887
107 392 887
41 0 848
64 378 887
40 323
85 23 323
81 1 323
28 0 272
72 34 323
39 142 323
37 0 259
40 77 302
54 0 198
12 82 323
31 137 323
7 30 323
77 0 283
80 86 173
2 6 185
78 0 223
56 3 323
21 0 233
9 0 250
70 0 323
68 83 220
65 160 323
46 1 323
31 1 126
50 54 323
4 0 241
15 200 323
26 0 175
49 0 314
75 0 275
29 0 94
44 100 176
34 135 278
16 225 323
64 14 323
8 13 323
89 73 323
43 154 323
1 111 323
17 98 323
58 0 267
26 990
55 154 668
16 284 770
92 51 990
125 0 443
50 0 909
47 372 990
25 0 328
83 234 990
118 320 671
113 0 300
43 430 990
61 0 917
114 285 778
65 234 681
45 96 637
115 0 830
18 0 683
81 0 489
127 703 923
28 0 598
101 0 663
19 106 990
53 0 529
75 581 897
110 0 768
82 0 536
48 567
71 0 317
57 46 567
48 199 567
88 37 567
15 153 567
10 24 567
58 106 338
37 0 319
79 0 443
65 11 567
75 0 343
74 36 559
6 0 526
27 135 567
91 67 567
67 0 323
86 169 567
49 40 567
76 60 567
19 10 188
38 43 567
32 31 390
2 55 237
4 282 567
13 0 424
56 15 567
92 0 545
14 0 538
2 384 567
9 0 549
18 0 276
34 71 549
55 302 567
94 0 350
52 202 567
83 69 567
60 114 567
54 59 567
5 118 504
22 79 567
68 256 448
16 0 302
51 133 476
81 17 567
50 99 567
29 321 456
39 100 505
53 30 567
24 938
63 138 938
42 0 668
55 171 895
58 413 938
39 253 703
48 0 649
64 0 474
7 270 938
12 143 938
2 0 897
22 0 807
28 194 938
60 575 938
53 111 938
24 65 938
51 0 378
52 0 628
46 114 597
8 0 835
41 416 694
4 305 938
47 17 938
16 188 938
59 5 444
10 686
5 3 686
16 358 686
14 108 686
20 93 541
17 321 637
26 0 287
27 131 686
4 210 686
9 270 602
7 0 344
37 566
32 0 564
35 0 488
12 264 402
56 120 566
28 13 566
46 306 566
58 52 429
27 67 341
77 218 566
4 0 287
42 0 323
72 194 566
81 126 566
37 12 566
41 0 392
88 47 566
33 58 566
2 6 135
19 0 510
8 0 560
86 13 242
9 216 566
67 303 423
44 95 566
15 37 566
21 167 566
54 125 523
76 34 566
36 79 566
40 0 537
62 0 215
64 0 480
60 0 418
57 31 566
63 368 529
23 0 279
7 159 566
1 1
1 0 1
14 312
41 0 295
7 28 312
40 78 238
60 33 312
33 87 312
37 203 312
71 12 298
79 109 236
74 0 222
3 21 312
66 0 290
70 0 204
48 158 312
26 93 312
2 20
5 5 20
13 0 17
29 635
53 422 555
41 80 635
65 0 402
67 71 635
33 8 246
37 0 630
61 146 635
47 0 541
12 120 635
76 0 511
29 0 544
38 215 557
15 0 507
91 422 635
56 0 456
14 279 486
20 28 635
77 66 618
9 0 563
80 15 263
46 0 633
31 0 335
57 37 635
25 0 497
39 0 338
64 395 635
0 91 635
32 0 452
69 137 398
35 988
17 11 988
45 69 779
55 151 988
18 0 611
76 115 988
89 73 582
26 11 988
80 0 689
11 198 988
65 106 905
7 0 415
77 0 713
34 173 988
40 0 396
31 0 653
60 42 988
94 266 681
29 21 988
24 104 368
3 374 988
25 409 708
22 248 536
71 0 601
13 0 842
85 0 811
57 56 988
70 0 683
4 397 988
28 0 842
72 0 773
74 296 988
37 140 988
5 55 988
30 297 988
36 0 556
37 730
47 0 295
54 35 583
20 0 651
28 72 730
58 284 546
19 83 730
56 65 438
77 30 730
3 0 709
74 56 730
4 0 519
42 187 444
69 0 653
51 108 730
67 305 621
18 347 730
29 244 467
25 305 633
72 65 431
31 126 343
68 98 730
70 220 533
87 0 617
65 0 730
45 0 620
91 172 336
66 0 677
46 358 605
50 280 730
33 0 273
92 0 723
9 0 671
53 0 533
24 0 342
81 470 730
36 0 407
39 0 324
2 100
1 0 49
1 50 100
40 108
75 37 107
33 13 100
40 20 108
120 10 108
121 0 86
17 0 99
38 54 104
44 15 108
24 0 36
71 48 108
122 33 102
112 0 40
45 0 95
109 0 107
97 0 100
18 20 108
104 0 107
7 13 108
42 0 94
125 10 108
76 0 57
92 2 108
91 77 100
62 44 99
102 0 108
66 0 73
4 0 101
50 19 108
114 0 83
77 5 108
8 57 108
13 0 63
127 0 108
106 14 57
117 0 99
22 12 108
81 8 108
119 0 75
85 0 59
105 34 108
43 580
110 1 580
66 0 551
117 0 407
108 196 580
133 213 580
135 0 442
78 40 321
104 176 580
129 222 580
102 133 580
19 0 445
42 430 580
30 73 580
124 111 580
40 59 580
44 10 580
17 0 500
115 0 384
68 0 375
106 107 580
58 229 534
120 151 521
83 0 552
23 121 580
41 163 580
101 186 504
85 0 551
3 4 580
46 172 580
94 11 580
13 54 580
113 285 529
49 86 580
121 111 580
34 80 580
130 34 580
21 398 580
26 0 521
90 11 482
80 0 414
70 32 580
16 363 580
12 33 280
27 843
38 149 843
19 0 817
24 0 641
26 188 843
22 0 711
40 0 743
12 0 212
11 56 843
5 0 633
39 0 788
41 0 843
13 361 675
33 53 843
47 365 843
28 274 843
44 195 843
35 89 843
8 54 843
18 265 843
20 0 562
27 0 347
17 194 432
32 302 843
9 90 843
14 53 843
3 27 843
43 0 836
19 369
46 0 312
79 31 148
62 86 369
79 168 322
1 0 287
17 256 369
86 178 297
63 73 241
45 0 356
51 51 308
53 138 369
72 0 357
60 266 340
66 213 369
91 0 262
34 146 250
67 7 325
61 60 369
94 0 325
50 95662
100000 0 93203
15939 39408 95662
78233 21417 59680
22573 46808 95662
95680 3718 95662
78760 6616 95662
21630 0 77763
42744 1685 95662
10371 42696 95662
6369 1349 95662
89185 0 75805
91209 34392 95662
76695 3382 95662
54379 0 63756
42216 39621 82781
82123 0 43177
50210 0 95592
63650 36896 95662
40199 0 55491
5220 0 74153
75650 1166 95662
8907 0 64871
91418 0 64500
3037 0 78739
75613 19193 95662
75828 0 90529
530 0 77094
74088 38946 95662
29122 0 56589
90981 0 69076
89895 829 95662
6093 21209 95662
25741 0 36098
18447 0 61571
16632 0 46451
52633 21435 95662
67699 12822 95662
98371 0 58226
51423 57171 95662
95708 0 94894
37474 0 85265
60686 4109 82359
85003 26420 95662
78263 0 92050
42384 0 55804
1308 44365 95662
51979 9998 95662
90596 0 83376
81879 0 77547
84959 33586 82011
36 673
45 165 673
0 348 673
90 0 611
12 0 512
41 0 622
85 0 469
77 192 673
42 528 673
44 0 451
7 0 425
88 0 412
47 162 673
13 0 587
24 0 400
30 0 622
51 233 387
73 94 489
65 6 606
67 27 673
9 0 606
94 0 331
81 0 533
74 489 673
21 460 673
10 275 563
14 0 425
18 319 673
62 88 673
2 0 453
16 0 610
60 21 186
55 68 673
71 0 608
76 0 651
36 0 527
33 0 390
1 1
0 0 1
48 951
4 0 884
66 439 951
43 629 951
47 145 951
74 277 951
19 187 951
91 0 950
93 0 355
16 0 762
45 76 951
97 0 818
8 0 743
22 108 951
41 0 479
78 269 708
79 325 951
28 88 951
63 0 347
94 0 753
11 144 951
72 127 579
60 0 435
21 54 951
58 246 951
64 0 911
17 683 951
82 433 831
35 0 691
50 488 951
70 218 696
61 0 650
15 370 951
30 0 551
69 45 951
44 64 951
31 451 951
38 291 747
48 0 767
25 653 947
2 580 951
68 89 951
92 0 536
7 427 951
65 138 951
67 251 940
84 321 935
95 0 646
9 0 768
20 700
26 2 401
68 381 700
16 170 700
52 56 700
10 0 642
22 0 624
17 0 406
53 0 556
2 379 700
46 286 700
71 119 700
47 106 700
19 0 435
6 0 679
30 0 214
62 0 330
37 39 700
80 87 612
79 0 405
27 73 700
40 724
85 0 619
108 0 586
62 141 724
55 78 724
37 146 628
6 0 426
123 0 684
67 143 405
120 213 724
101 128 675
124 0 549
127 68 724
116 0 647
75 1 724
54 0 512
40 0 284
32 11 724
61 413 724
90 0 290
76 0 476
24 233 724
41 0 345
114 0 476
51 126 724
96 0 416
118 93 487
19 23 724
43 0 416
44 0 514
53 219 724
100 314 724
45 72 712
92 157 724
39 163 724
3 86 724
33 233 724
57 0 623
4 0 413
66 0 318
104 18 724
31 952
33 321 952
36 100 952
19 0 733
23 0 874
40 206 952
5 0 346
47 101 952
0 0 773
52 0 622
43 538 952
11 0 935
53 228 771
3 73 952
37 41 575
24 398 952
44 0 631
28 0 822
29 0 566
20 37 760
38 0 881
50 112 952
22 0 836
45 674 952
43 0 520
16 0 843
32 0 952
48 0 913
39 0 747
14 254 952
51 456 952
18 400 764
4 14
34 5 13
17 0 8
41 4 9
8 6 14
3 885
84 0 370
81 0 601
39 63 885
25 560
5 0 389
7 231 560
13 0 433
29 157 429
14 0 559
36 0 362
9 0 373
1 164 560
11 161 407
20 0 392
35 0 430
33 0 502
8 67 317
6 84 560
23 0 302
19 274 445
18 28 560
30 128 560
0 0 357
24 225 560
3 0 488
10 15 560
12 39 560
28 0 552
26 142 560
44 567
53 428 567
47 169 567
77 32 567
45 33 226
17 0 491
43 112 567
80 0 431
74 215 486
40 0 341
9 327 567
62 47 567
13 0 300
32 346 567
66 46 531
4 171 567
81 308 567
26 29 567
3 63 567
54 203 567
29 0 498
73 211 567
6 106 567
70 0 199
78 0 488
71 113 424
21 359 567
23 86 309
24 0 406
68 0 522
72 332 567
33 0 411
20 34 567
59 316 560
0 0 505
25 0 567
69 0 401
65 261 567
11 366 567
50 1 567
41 98 567
18 107 476
5 0 326
70 229 567
7 20 567
47 652
38 0 468
8 80 652
32 91 652
11 481 645
49 0 545
60 0 298
42 35 652
40 0 586
25 0 529
54 310 652
50 269 652
14 0 394
57 12 262
20 0 646
19 0 556
61 77 652
45 0 401
62 111 652
30 458 620
6 254 620
12 0 442
9 0 419
46 246 652
14 449 652
58 153 589
48 0 443
51 231 652
1 167 362
10 92 551
47 0 629
26 153 652
34 442 638
24 447 627
36 180 652
59 0 266
29 283 652
22 244 652
9 422 618
27 0 510
13 0 444
23 227 630
18 157 652
15 285 652
28 0 373
63 150 472
64 0 601
4 59 652
28 234
23 140 234
52 64 234
22 0 117
42 90 234
41 58 234
48 7 234
35 0 117
60 153 234
47 15 234
56 110 234
8 5 234
4 0 213
25 111 195
12 9 234
55 0 205
45 0 231
62 1 58
64 9 234
40 0 232
32 40 234
5 50 122
58 105 234
50 103 191
63 0 176
44 20 234
7 46 234
0 0 177
6 90 234
9 414
100 283 414
4 79 383
67 74 414
37 0 307
80 66 414
63 80 291
89 0 409
77 73 414
12 0 390
14 556
57 0 372
54 0 492
55 283 441
42 201 556
13 0 266
26 218 556
60 118 556
15 220 556
2 83 556
0 24 556
59 5 556
31 0 123
5 0 402
36 0 556
19 578
35 218 578
12 299 578
20 275 578
7 149 578
22 19 476
27 0 346
11 386 511
5 193 578
37 263 458
24 212 399
1 43 396
6 0 493
2 37 578
26 0 415
4 0 510
34 0 490
28 29 578
16 212 578
8 281 578
38 927
83 0 679
23 251 590
49 0 260
71 15 927
29 372 927
7 121 927
6 0 777
57 190 689
37 81 927
65 38 927
21 484 927
43 584 927
82 0 629
35 214 927
28 0 565
79 550 794
10 120 927
1 0 448
89 0 865
97 79 291
67 637 923
80 262 927
34 0 927
8 321 772
25 0 736
96 118 313
15 0 683
33 0 753
24 472 927
76 0 475
47 417 927
13 0 647
98 0 621
78 247 927
64 477 927
20 373 927
32 237 884
55 96 927
6 565
0 0 525
28 142 565
18 201 397
25 0 360
33 190 364
16 113 336
35 887
57 196 887
59 16 887
29 0 658
74 51 812
22 107 887
82 0 448
105 62 887
26 0 757
50 0 696
13 0 782
17 0 847
64 322 887
37 522 887
91 533 822
36 0 521
11 56 887
34 349 887
70 0 772
71 545 887
108 133 887
3 147 887
32 0 833
89 0 821
21 0 681
87 87 887
68 391 887
38 0 684
40 373 887
116 88 467
58 93 887
7 355 887
55 0 481
16 0 706
123 0 867
94 487 887
12 35
5 0 23
24 0 11
1 5 35
18 7 23
31 13 35
6 0 27
22 0 21
20 0 29
25 0 33
3 0 16
13 0 29
15 15 35
28 140
31 4 140
13 59 140
28 0 93
43 25 140
49 0 81
44 19 140
37 45 140
40 0 115
21 0 120
23 0 108
34 11 140
32 0 99
22 0 102
36 102 140
12 49 140
47 0 129
50 24 140
14 0 125
35 0 101
5 0 129
24 4 140
46 64 100
8 0 127
19 59 97
36 0 85
48 0 106
11 33 140
2 71 140
50 96508
100000 32882 93677
59922 43895 78779
48315 0 91466
32175 0 89598
28528 11643 96508
15318 0 25499
55353 27219 96508
54992 2942 96508
13887 16222 54956
10634 2916 96508
2102 0 24532
67776 30369 60023
41676 42268 96508
60835 44598 96508
37004 70274 95720
61534 75305 94960
44984 10510 96508
58581 28259 96508
27753 6216 32533
9541 1784 21778
59786 0 45375
93771 48077 96508
44584 0 55645
36499 29389 96508
79449 71921 91624
80255 2579 96508
15361 67731 96508
9466 0 90017
74756 0 75314
38462 0 69152
98631 0 34467
15935 47795 89829
36500 0 86218
88905 0 67419
41475 6323 96508
90840 49406 96508
18687 0 87227
11938 0 67274
28684 49605 96508
4507 0 62901
76550 67291 96508
26974 0 85833
68073 20815 96508
19986 60220 96508
47414 0 63611
87381 50744 96508
66492 0 61969
33838 8120 96508
79373 18549 96508
41142 0 52462
38 708
30 0 525
10 25 708
54 203 586
27 158 708
15 0 626
13 0 522
49 0 534
47 365 708
9 114 708
34 268 654
11 0 621
51 0 658
14 0 575
33 441 708
36 301 708
16 0 654
24 0 480
39 159 708
44 0 603
20 0 270
50 17 708
19 0 662
26 290 708
21 253 708
17 76 708
48 0 707
2 272 708
40 304 492
6 0 434
7 52 708
42 275 708
5 0 226
38 0 576
52 0 570
22 56 708
43 177 445
4 11 437
0 0 332
50 98284
100000 5458 98284
64300 20582 98284
68536 0 71714
77429 38856 89272
98653 37320 98284
65306 0 87157
3805 0 52238
72459 0 58299
78865 0 86428
39435 16623 54774
11897 33115 98284
34572 0 23141
32250 62365 98284
10260 21091 98284
84169 36211 98284
25176 0 74258
39473 3334 86649
7089 23866 98284
55172 60001 98284
50531 32090 98284
99168 0 59733
51628 18641 98284
7660 0 93802
7183 0 82741
79718 14069 98284
25543 0 57058
23496 0 86069
17746 13062 98284
2110 5704 98284
46688 0 97748
76153 54340 77074
3376 2564 75286
98967 6405 98284
23138 7291 98284
24567 31205 98284
89293 46514 98284
28988 0 59831
8648 0 94160
10362 0 76400
52343 9819 98284
95982 24608 70273
79937 0 94564
70490 9285 98284
80488 0 40632
40116 39687 96962
74238 14411 98284
20551 61517 88444
79861 4588 98284
1714 9369 98284
41989 16633 98284
6 683
49 0 352
26 65 683
41 0 581
54 156 683
18 5 683
17 0 389
45 611
60 42 611
84 0 531
64 4 611
52 43 611
15 0 473
92 122 611
95 244 579
77 110 611
82 215 611
49 29 345
65 34 611
69 0 322
12 186 611
27 0 414
113 0 410
19 234 611
54 0 515
76 0 579
2 0 403
72 0 411
97 34 365
51 0 474
116 0 584
8 0 600
56 180 472
36 419 611
53 89 392
101 0 582
83 0 602
85 0 571
5 40 611
106 58 611
10 156 611
11 170 611
115 59 611
62 281 611
61 135 293
90 0 425
9 136 272
6 0 486
42 0 468
29 242 611
1 155 611
66 357 611
18 0 329
8 738
52 140 738
26 59 738
3 0 732
70 408 738
16 0 515
35 0 631
55 245 738
6 274 738
45 66
47 20 36
28 27 66
22 9 41
81 0 47
37 0 48
8 0 47
9 0 29
10 36 66
24 0 61
49 0 51
67 0 36
15 0 54
74 27 66
50 26 66
38 0 36
54 0 42
29 22 66
17 0 28
32 5 52
31 6 66
41 40 64
27 0 65
80 10 66
25 0 61
55 1 66
72 21 35
16 23 66
65 0 55
62 0 43
23 8 52
58 0 31
57 0 51
7 10 52
60 1 31
76 0 39
3 19 56
77 26 66
45 21 66
61 1 66
42 21 54
56 12 66
76 47 66
4 0 63
30 0 51
6 0 53
42 951
20 0 928
57 228 951
74 123 951
63 0 429
1 397 951
81 12 764
35 0 906
43 668 865
65 504 951
71 294 951
44 578 951
90 586 893
9 38 951
34 0 888
3 0 436
83 256 631
0 0 951
5 44 711
38 68 510
21 4 951
15 11 473
13 249 705
29 0 916
18 250 951
59 612 951
30 0 890
42 0 933
78 0 615
70 667 873
68 141 407
16 0 684
56 0 721
66 0 951
3 532 951
36 510 840
77 38 951
17 56 768
82 0 945
67 109 951
61 334 531
2 0 794
70 171 409
25 194
28 0 89
59 0 75
12 0 160
39 62 194
101 95 194
11 0 178
17 36 163
40 0 187
46 0 190
61 135 190
43 0 149
88 0 103
67 0 132
96 50 194
19 0 169
57 0 169
81 0 187
32 0 145
51 63 194
76 0 95
41 11 194
5 7 110
83 3 194
86 0 84
78 0 191
28 324
29 121 315
112 51 233
34 0 159
121 0 308
51 0 287
33 140 324
25 145 324
56 41 324
116 130 324
97 0 284
113 0 189
16 55 203
117 0 73
109 13 324
85 252 320
86 166 324
91 39 305
64 0 246
67 46 324
13 0 191
127 158 324
130 81 324
57 0 288
46 0 237
72 128 274
81 214 324
78 58 259
15 105 191
44 828
14 0 742
21 0 517
57 8 828
48 488 764
62 0 352
115 251 828
1 0 510
38 113 828
67 464 828
118 0 812
71 67 315
20 563 828
94 0 670
3 435 828
10 409 828
80 0 580
42 0 767
100 494 828
96 507 828
68 0 402
76 298 662
63 173 828
98 0 603
110 67 385
116 190 828
69 0 561
54 263 828
12 0 563
43 52 828
55 0 307
11 88 828
87 183 828
120 219 828
52 219 828
6 218 558
37 0 656
53 455 828
101 368 828
97 49 828
28 219 828
108 0 337
113 0 767
89 0 705
41 0 442
21 508
18 0 249
61 0 257
14 268 387
41 0 312
23 75 508
45 194 508
54 0 246
40 56 508
57 70 508
9 0 305
1 0 508
42 158 385
51 0 192
38 0 470
26 0 489
52 0 439
39 0 476
50 190 397
28 9 508
12 161 508
15 92 508
41 775
62 0 218
14 114 775
9 0 502
4 0 642
10 64 775
6 382 775
56 280 775
59 0 574
78 0 516
38 412 775
41 0 623
33 0 629
54 1 602
62 375 775
50 0 671
43 18 502
16 0 422
51 0 666
48 0 396
47 209 775
44 0 633
40 0 440
13 0 608
20 0 654
72 401 775
73 497 775
18 0 240
58 0 615
26 0 381
3 0 318
55 0 288
45 81 378
80 0 362
19 128 775
23 0 707
2 0 259
64 222 775
24 0 698
68 398 775
42 280 775
61 0 739
34 266
37 20 188
43 0 171
26 158 251
31 82 266
36 70 183
47 0 264
0 0 63
49 0 91
50 38 232
10 58 266
3 33 266
46 55 266
19 30 266
20 0 146
42 27 266
7 85 266
17 103 266
52 79 266
14 0 135
35 0 255
32 0 263
12 0 254
6 160 247
1 0 258
16 39 266
53 80 266
5 0 231
2 45 150
25 34 266
8 52 266
44 0 224
27 73 266
21 34 266
23 24 266
3 836
44 0 310
28 0 770
49 0 697
35 327
130 0 261
34 121 327
8 153 327
9 101 327
48 191 327
72 0 246
107 0 123
84 0 285
15 67 306
31 148 327
33 55 240
20 0 278
53 14 327
19 95 327
56 211 327
93 235 327
133 156 244
64 0 278
110 25 206
41 27 327
114 127 327
57 73 227
74 0 184
40 59 255
51 198 327
55 32 327
103 213 327
79 53 327
23 0 218
78 60 327
12 0 249
54 100 327
112 83 252
27 110 327
106 0 77
